id_sber
4206143
4191269
4202767
4214482
4159604
4201511
4204365
4069976
4207280
4211634
4175298
4208486
4203255
4202156
4202157
4184650
4187375
4193910
4198428
4187195
4186275
4208215
4189176
4193101
4193100
4191444
4158772
4206884
4185457
4105654
4166640
4186948
4214072
4176493
4203824
4160413
4205045
4209380
4193893
4090760
4214279
4213112
4190285
4186025
4196937
4149472
4184164
4192605
4155861
4211281
4211281
4192961
4173269
4105896
4188403
4212577
4206153
4212574
4113337
4193599
4205226
4199741
4168609
4192655
4168611
4111390
4180272
4160726
4196222
4208660
4191306
4174325
4133447
4153920
4176119
4195187
4177654
4107077
4206890
4197384
4206470
4157981
4200184
4189678
4187993
4203732
4206061
4171118
4207650
4176195
4099400
4137287
4199747
4183789
4194217
4211538
4193681
4211524
4205332
4200154
